001   13 36 39.99 -29 51 35.2  6.4 2.8   5.7  3.6   4.4 0.64 0.77 n
002   13 36 40.35 -29 51 06.7  6.5 1.4   2.9  1.6   3.9 0.53 1.34 n
003   13 36 40.90 -29 51 17.7  6.3 1.3  11.1  6.7   4.3 0.60 0.39 y SW001; L019
004   13 36 41.50 -29 52 16.0  5.9 2.0   1.2  1.6   3.2 1.35 2.67 n
005   13 36 41.58 -29 49 56.4  6.8 1.8   3.3  2.5   1.7 0.75 0.53 n
006   13 36 42.33 -29 52 17.3  5.6 1.9   5.1  5.1   0.6 1.00 0.12 n
007   13 36 42.73 -29 52 34.9  5.5 1.3   6.6  5.1   3.0 0.77 0.46 n
008   13 36 43.70 -29 50 45.9  5.6 1.9   6.4  5.2   1.3 0.82 0.20 n
009   13 36 43.83 -29 52 11.3  5.2 2.4  10.0  7.3   2.1 0.74 0.21 n BL01
010   13 36 44.65 -29 50 34.2  5.5 3.2  28.4 15.5  10.1 0.55 0.35 n BL02
011   13 36 45.31 -29 53 07.7  4.9 3.3   8.4  7.0   0.4 0.83 0.05 n
012   13 36 45.70 -29 52 20.9  4.6 5.6 127.4 64.6  11.8 0.51 0.09 n
013   13 36 45.93 -29 53 34.4  4.9 1.9  19.3 12.7   5.3 0.66 0.27 n BL03;H12
014 x 13 36 46.39 -29 53 43.0  4.9 1.4   4.1  1.4   3.5 0.33 0.86 n
015   13 36 46.93 -29 46 41.9  8.8 4.6  31.6 16.6   3.8 0.52 0.12 n
016   13 36 47.13 -29 55 31.7  6.3 4.3  34.3 17.1   3.8 0.50 0.11 n
017   13 36 47.18 -29 53 51.4  4.8 2.0   9.6  4.9   2.1 0.51 0.22 n BL04
018   13 36 47.22 -29 53 36.9  4.6 2.3  10.1  6.1   2.6 0.60 0.26 n
019   13 36 47.30 -29 49 03.9  6.0 1.5  18.0 12.6   7.0 0.70 0.39 n BL05
020   13 36 47.83 -29 51 18.2  4.2 2.9  34.6 19.4   7.4 0.56 0.21 n BL06
021   13 36 47.91 -29 51 45.7  4.0 3.7 105.4 47.1   2.8 0.45 0.03 n
022   13 36 48.10 -29 51 33.7  4.0 2.2  21.9 14.4   1.5 0.66 0.07 n
023   13 36 48.31 -29 52 44.7  3.9 2.3  68.9 53.7  38.4 0.78 0.56 y BL07;SW007;L046
024   13 36 48.45 -29 51 42.3  3.9 3.0   5.4  5.3   2.1 0.99 0.38 n
025   13 36 48.57 -29 52 05.2  3.8 3.1  33.5 30.4  20.2 0.91 0.60 n BL08
026   13 36 48.99 -29 52 54.1  3.8 1.6   2.8  2.2   0.9 0.78 0.30 n
027   13 36 49.12 -29 52 24.9  3.6 2.1  25.2 14.7   1.7 0.58 0.07 n
028   13 36 49.37 -29 53 20.1  3.9 3.2  46.5 24.3   2.9 0.52 0.06 n
029   13 36 49.51 -29 51 37.2  3.5 2.6  36.9 14.1   2.6 0.38 0.07 n
030   13 36 49.63 -29 53 05.5  3.7 4.3  24.9 23.9   3.5 0.96 0.14 n BL09
031   13 36 49.64 -29 53 13.5  3.8 2.8   7.8  6.6   5.6 0.85 0.73 n
032   13 36 49.67 -29 50 34.7  4.1 3.0  12.3  6.0   1.9 0.49 0.16 n
033   13 36 49.69 -29 54 04.2  4.4 1.8  12.4  9.7   2.3 0.78 0.19 n BL10
034   13 36 49.73 -29 50 57.5  3.8 3.8  26.4 17.3   4.6 0.66 0.17 n
035   13 36 49.82 -29 53 08.3  3.7 1.4   3.0  3.2   0.3 1.04 0.09 n
036   13 36 49.81 -29 52 17.0  3.4 1.6  16.0  7.0   4.2 0.44 0.26 y SW010; L053
037   13 36 50.13 -29 53 08.8  3.6 1.0   2.8  1.9   0.4 0.69 0.14 n
038   13 36 50.22 -29 51 24.0  3.4 1.6   4.1  2.7   0.0 0.67 0.01 n
039   13 36 50.29 -29 52 47.3  3.4 2.3 104.7 75.5  16.2 0.72 0.15 n BL11
040   13 36 50.45 -29 51 49.3  3.2 3.2  23.9 18.2   5.3 0.76 0.22 n
041   13 36 50.56 -29 53 03.9  3.4 0.8   4.7  3.0   1.7 0.65 0.35 y L061
042   13 36 50.68 -29 52 41.4  3.2 2.0 135.1 56.0  29.5 0.41 0.22 n
043   13 36 50.76 -29 53 10.6  3.4 2.7  15.3 10.9   1.1 0.71 0.07 n
044   13 36 50.84 -29 50 18.9  4.0 1.5  21.2  8.0   0.3 0.38 0.01 n
045   13 36 50.85 -29 52 39.6  3.2 1.8  40.6 25.3  13.5 0.62 0.33 y SW011;L063
046   13 36 50.91 -29 52 03.7  3.0 1.4   8.3  7.5   1.9 0.91 0.23 n
047   13 36 50.93 -29 52 58.5  3.3 1.7  22.9 16.7   4.1 0.73 0.18 n
048   13 36 51.00 -29 52 25.6  3.1 2.7  60.8 32.9  48.2 0.54 0.79 y SW012;L065
049   13 36 51.02 -29 53 01.1  3.3 1.1  11.3  6.2   3.2 0.55 0.28 n
050   13 36 51.25 -29 52 40.6  3.1 2.7 235.8 82.9  25.0 0.35 0.11 n
051   13 36 51.33 -29 50 07.1  4.0 1.4  39.5 16.1   1.6 0.41 0.04 n
052   13 36 51.47 -29 49 28.5  4.7 2.6   2.5  2.8   4.2 1.13 1.69 n
053   13 36 51.60 -29 52 50.0  3.0 1.7  14.4  8.5   0.7 0.59 0.05 n
054   13 36 51.70 -29 52 27.5  2.9 2.0  42.9 19.9   4.4 0.46 0.10 n
055   13 36 51.98 -29 54 52.1  4.8 3.0  16.4 11.2   2.6 0.68 0.16 n
056   13 36 52.34 -29 50 33.2  3.4 1.9   6.5  4.9   3.4 0.76 0.52 n BL12
057   13 36 52.39 -29 50 43.7  3.2 2.4   9.7  8.6   5.0 0.88 0.51 n BL13
058   13 36 52.38 -29 52 05.2  2.6 1.8  12.8  9.3   2.9 0.72 0.22 n
059   13 36 52.55 -29 49 33.1  4.4 2.4  11.9  5.3   6.2 0.45 0.52 n
060   13 36 52.65 -29 52 41.2  2.7 3.2 161.8 59.3  11.7 0.37 0.07 n
061   13 36 52.80 -29 51 28.2  2.6 2.2  34.3 19.9   4.5 0.58 0.13 n
062   13 36 53.00 -29 50 23.9  3.4 1.8   1.6  1.7   2.3 1.11 1.43 n
063   13 36 53.07 -29 52 16.1  2.4 4.8  39.6 27.8  20.7 0.70 0.52 n
064   13 36 53.18 -29 52 29.2  2.4 2.7  37.3 19.7   2.0 0.53 0.05 n
065   13 36 53.24 -29 53 25.3  3.0 1.2  17.6  8.4   8.1 0.48 0.46 y SW017;L105
066   13 36 53.30 -29 52 42.5  2.5 1.3  10.3  6.8   2.3 0.66 0.23 y SW018;L107
067   13 36 53.29 -29 52 48.1  2.5 1.2  16.8 12.5   8.3 0.74 0.49 y SW019;L106
068   13 36 53.32 -29 55 51.4  5.8 3.1  26.0 14.3   2.2 0.55 0.08 n
069   13 36 53.36 -29 50 38.4  3.1 1.6   5.7  3.0   2.5 0.54 0.44 n
070   13 36 53.51 -29 52 38.1  2.4 2.7  11.2  9.7   2.8 0.86 0.25 n
071   13 36 53.64 -29 52 45.9  2.4 2.0  21.4 17.6   5.9 0.83 0.28 n BL14
072   13 36 53.77 -29 54 41.1  4.3 1.9   3.7  3.2   3.1 0.86 0.83 n
073   13 36 53.89 -29 48 48.3  5.1 1.2  73.8 27.0  18.4 0.37 0.25 y SW020;L116
074   13 36 54.15 -29 52 09.3  2.1 1.6  11.8  7.3   8.0 0.62 0.68 y BL15;SW022;L119
075   13 36 54.23 -29 50 28.0  3.0 1.5  41.1 28.0  11.6 0.68 0.28 y L121
076   13 36 54.36 -29 50 17.6  3.2 2.3   7.6  6.3   0.4 0.83 0.06 n
077   13 36 54.44 -29 56 00.3  5.9 2.1  34.2 17.5   3.2 0.51 0.09 n
078   13 36 54.47 -29 50 52.8  2.6 1.8  30.4 13.1   2.3 0.43 0.08 n
079   13 36 54.51 -29 50 25.8  3.0 3.4  96.4 68.1  16.5 0.71 0.17 y BL16;L124
080   13 36 54.61 -29 53 04.8  2.4 2.3  90.3 33.9   2.0 0.38 0.02 n
081   13 36 54.62 -29 53 01.2  2.4 2.6  55.1 18.1   2.9 0.33 0.05 n
082   13 36 54.78 -29 52 59.5  2.3 2.0  57.4 19.6   2.4 0.34 0.04 y L127
083   13 36 54.85 -29 53 04.7  2.4 1.8  61.8 25.6   4.2 0.41 0.07 n
084   13 36 54.86 -29 50 18.7  3.1 1.7  29.2 21.1  21.6 0.72 0.74 y BL17;L128
085   13 36 54.89 -29 49 54.1  3.5 2.3  16.4  7.8   3.8 0.48 0.23 n
086   13 36 54.95 -29 47 46.0  6.3 3.5  23.4  8.2  10.0 0.35 0.43 n
087   13 36 55.04 -29 52 39.5  2.0 1.6  27.9 21.6  14.3 0.78 0.51 y BL18;SW025;L129
088   13 36 55.03 -29 51 24.7  2.0 2.6   8.4  7.5   7.2 0.90 0.86 n BL19
089   13 36 55.07 -29 53 04.5  2.3 1.3  36.9 25.5   7.2 0.69 0.19 y SW024;L131
090   13 36 55.14 -29 50 40.8  2.6 2.5  13.4 16.4  14.0 1.22 1.05 y BL20;L134
091   13 36 55.22 -29 53 05.0  2.3 1.7  17.5 14.7   6.1 0.84 0.35 n
092   13 36 55.30 -29 50 37.3  2.6 2.1  21.3 15.4   7.5 0.72 0.35 n BL21
093   13 36 55.35 -29 50 53.9  2.3 1.4   7.2  4.3   5.2 0.60 0.72 y L136
094   13 36 55.37 -29 49 56.7  3.4 2.8  76.8 31.1   9.2 0.41 0.12 n
095   13 36 55.39 -29 48 39.2  5.0 2.2  14.9 11.5  10.2 0.77 0.68 n BL22
096   13 36 55.47 -29 53 03.3  2.2 1.7  27.3 22.9  11.5 0.84 0.42 n BL24b
097   13 36 55.48 -29 52 43.6  1.9 1.9  23.5 19.0   5.0 0.81 0.21 n BL23
098   13 36 55.62 -29 53 03.5  2.2 2.1  61.4 45.5  12.1 0.74 0.20 y BL24;SW028;L139
099   13 36 55.66 -29 47 37.6  6.4 3.5  25.2  9.7   1.4 0.39 0.06 n
100   13 36 55.73 -29 49 25.4  4.0 3.0  28.2 16.1   4.8 0.57 0.17 n
101   13 36 55.80 -29 51 19.7  1.8 2.5   9.7  7.1   9.2 0.73 0.95 n BL25
102   13 36 55.83 -29 53 09.1  2.2 3.1  36.3 21.8   9.5 0.60 0.26 n
103   13 36 55.92 -29 53 10.9  2.2 1.1   3.1  3.1   2.8 1.00 0.91 n
104   13 36 56.06 -29 56 05.7  5.9 2.6   6.6  5.2   4.5 0.78 0.68 n
105   13 36 56.10 -29 49 34.9  3.7 2.5  45.1 22.2   6.4 0.49 0.14 n
106   13 36 56.23 -29 52 55.2  1.9 1.2   8.5  5.7   0.8 0.67 0.09 y SW029;L141
107   13 36 56.29 -29 53 13.6  2.2 2.1   3.5  4.3   1.6 1.24 0.47 n
108   13 36 56.38 -29 49 31.9  3.8 3.0 168.3 55.7   9.3 0.33 0.06 n
109   13 36 56.80 -29 49 49.8  3.3 1.1   6.5  5.4   5.5 0.84 0.85 n
110   13 36 56.84 -29 49 25.3  3.8 3.2  14.3  8.6   7.5 0.60 0.53 n
111   13 36 56.94 -29 54 10.7  3.3 2.8   4.3  4.6   0.0 1.08 0.00 n
112   13 36 57.15 -29 53 34.0  2.5 2.6  11.0 12.2   5.9 1.11 0.53 n BL28
113   13 36 57.86 -29 48 06.0  5.5 2.0  41.3 19.6   5.0 0.47 0.12 n
114   13 36 57.88 -29 48 12.2  5.4 3.2  16.3  8.3   0.3 0.51 0.02 n
115   13 36 57.88 -29 53 02.7  1.8 1.5  36.0 14.8  17.1 0.41 0.48 y SW035;L159
116   13 36 58.07 -29 53 45.1  2.6 1.9  18.1 11.3   3.6 0.63 0.20 n
117   13 36 58.55 -29 48 19.7  5.2 1.9 111.1 42.9  27.5 0.39 0.25 y L166
118   13 36 58.71 -29 51 00.5  1.5 1.3  16.1  8.3  10.0 0.52 0.62 y SW041;D10-01;L172
119   13 36 59.00 -29 52 56.6  1.5 1.2  16.4  6.7   0.0 0.41 0.00 n
120   13 36 59.00 -29 53 01.3  1.6 1.4  38.0 21.0   8.8 0.55 0.23 n
121   13 36 59.11 -29 53 43.5  2.5 2.2  13.0  6.0   2.1 0.46 0.16 n
122   13 36 59.33 -29 55 08.9  4.5 2.1  22.4 14.0  37.4 0.63 1.67 y BL29;SW043;L183
123   13 36 59.35 -29 48 37.8  4.7 1.6  76.4 35.3   3.4 0.46 0.04 y L184
124   13 36 59.50 -29 52 03.7  0.5 1.4  16.6 21.1  17.9 1.27 1.08 y BL31;SW045;D10-04;L186
125   13 36 59.50 -29 49 16.9  3.8 2.6  16.4 12.0   3.0 0.73 0.18 n BL32
126   13 36 59.67 -29 50 32.9  2.0 2.4   6.8  5.1   2.2 0.75 0.32 n D10-05
127   13 36 59.85 -29 55 25.9  4.9 1.2  22.5 12.8  18.7 0.57 0.83 y SW048;L195
128   13 37 00.03 -29 48 33.5  4.8 2.3  11.2  5.8   0.9 0.52 0.08 n
129   13 37 00.04 -29 54 17.1  3.3 1.3   2.6  1.2   0.9 0.48 0.35 y SW051;L199
130   13 37 00.09 -29 48 40.3  4.6 1.4  18.0  9.0   3.0 0.50 0.17 n
131   13 37 00.19 -29 48 10.0  5.3 2.5   3.3  4.5   5.7 1.39 1.77 y L205
132   13 37 00.33 -29 51 20.8  0.9 1.9  10.9  7.4  11.6 0.68 1.07 n BL33;D10-07
133   13 37 00.40 -29 53 22.9  2.0 1.5   4.4  4.4   2.4 0.99 0.55 y L215
134   13 37 00.66 -29 54 26.6  3.5 2.0  46.8 29.2   5.3 0.62 0.11 n
135   13 37 00.70 -29 52 21.7  0.6 2.1 122.1 54.7   4.2 0.45 0.03 n D10-08
136   13 37 00.75 -29 53 23.9  2.1 2.6  26.8 12.6   2.0 0.47 0.07 n
137   13 37 01.02 -29 50 56.3  1.4 1.4   8.2  6.0   8.8 0.73 1.07 y SW066;D10-09;L235
138   13 37 01.06 -29 54 15.9  3.3 2.9  42.2 25.3  24.2 0.60 0.57 n
139   13 37 01.16 -29 57 10.7  7.4 2.4  12.2  8.6   8.6 0.70 0.71 n BL34
140   13 37 01.52 -29 50 14.7  2.4 1.9   6.2  6.1   2.8 0.98 0.45 n BL36
141   13 37 01.57 -29 49 58.8  2.7 1.5  12.9  9.5  10.7 0.74 0.83 n
142   13 37 01.67 -29 54 10.3  3.2 2.0  23.3 15.9  13.9 0.68 0.60 y BL35;SW076;L253
143   13 37 01.72 -29 51 13.3  1.0 2.3  54.7 34.8  33.4 0.64 0.61 y BL37;SW077;D10-12;L256
144   13 37 01.72 -29 54 40.4  3.9 1.6   7.0  4.7   5.0 0.68 0.72 y BL38;L255
145   13 37 02.04 -29 52 49.5  1.3 3.4  19.7 13.8   6.4 0.70 0.33 n BL39;D10-13
146   13 37 02.09 -29 51 58.5  0.4 2.7  36.0 20.9   0.0 0.58 0.00 n D10-14
147   13 37 02.21 -29 49 52.4  2.9 1.3  19.6 14.9   5.4 0.76 0.27 y BL40;SW080;L261
148   13 37 02.32 -29 50 07.0  2.5 2.4   9.7  6.2   6.9 0.64 0.71 n
149   13 37 02.42 -29 54 33.0  3.8 1.7   8.7  5.3   3.4 0.61 0.39 n
150   13 37 02.42 -29 51 25.7  0.8 1.4  26.7 24.9  17.6 0.93 0.66 y BL41;SW081;D10-15;L265
151   13 37 03.02 -29 49 45.6  3.1 1.3  52.8 31.5   5.4 0.60 0.10 y SW083;L272
152   13 37 03.46 -29 50 46.4  1.7 2.4  39.4 11.9   2.7 0.30 0.07 n
153   13 37 03.90 -29 49 42.9  3.2 1.7  38.9 18.5   9.8 0.47 0.25 n
154   13 37 04.05 -29 54 02.3  3.2 3.3  64.3 42.6  25.3 0.66 0.39 n
155   13 37 04.13 -29 53 16.5  2.2 3.0   8.5  6.1   6.0 0.72 0.70 n
156   13 37 04.41 -29 49 38.7  3.3 1.7  70.4 33.0  31.5 0.47 0.45 y SW089;L287
157   13 37 04.43 -29 53 47.6  2.9 2.2  31.7 18.6  12.1 0.59 0.38 n
158   13 37 04.46 -29 54 03.5  3.3 3.3  78.1 40.0  12.8 0.51 0.16 n
159   13 37 04.51 -29 49 35.8  3.4 1.9  70.6 36.0  26.7 0.51 0.38 y L288
160   13 37 04.72 -29 55 34.8  5.4 1.8  30.9 20.9  16.3 0.68 0.53 y BL42;L292
161   13 37 04.81 -29 53 53.6  3.1 3.7  22.6 13.3   1.4 0.59 0.06 n BL43
162   13 37 04.82 -29 50 06.9  2.7 2.4  13.6 10.9   4.9 0.80 0.36 n BL44
163   13 37 04.85 -29 49 42.1  3.2 2.1  14.3  6.1   4.9 0.43 0.34 n
164   13 37 04.97 -29 50 16.3  2.5 2.3   9.7  7.0   4.1 0.71 0.42 n
165   13 37 05.59 -29 54 56.3  4.6 2.0   6.8  4.8   5.3 0.71 0.78 n
166   13 37 05.79 -29 52 46.1  2.0 2.6   8.3  5.2   5.4 0.63 0.65 n D10-18
167   13 37 05.87 -29 55 04.1  4.8 2.4  23.2 12.2   4.1 0.53 0.18 n
168   13 37 06.01 -29 50 04.2  2.9 1.6  13.0 10.1   6.7 0.78 0.51 n BL45
169   13 37 06.03 -29 55 14.3  5.0 1.4  33.8 20.3  14.5 0.60 0.43 y BL46;SW095;L310
170   13 37 06.16 -29 54 43.5  4.4 1.5   5.0  3.8   9.2 0.76 1.85 y SW097;L311
171   13 37 06.44 -29 50 24.9  2.6 2.1  47.0 35.0  10.1 0.74 0.21 y BL47;D10-19;L313
172   13 37 06.44 -29 54 27.3  4.1 2.1  12.2  8.9  12.7 0.73 1.04 n BL48
173   13 37 06.46 -29 50 06.1  2.9 2.4  13.5  9.1   7.3 0.68 0.54 n BL49
174   13 37 06.65 -29 53 33.6  3.0 4.1  28.6 17.6   8.7 0.62 0.30 y BL50;SW100;L316
175   13 37 06.82 -29 49 26.3  3.8 2.0 110.3 42.3  12.4 0.38 0.11 n
176   13 37 06.98 -29 54 16.6  3.9 3.7  11.0  7.9   0.0 0.72 0.00 n
177   13 37 07.01 -29 49 07.7  4.2 2.8  51.5 36.6  23.9 0.71 0.46 y BL51;L319
178   13 37 07.07 -29 53 20.9  2.9 1.7  26.0 17.2   7.4 0.66 0.29 y BL52;SW102;L320
179   13 37 07.10 -29 51 01.5  2.2 1.1  13.4  5.5   1.4 0.41 0.10 y SW104;L321
180   13 37 07.47 -29 51 33.3  2.0 2.4  61.7 45.6  20.9 0.74 0.34 y BL53;SW105;D10-22;L326
181   13 37 07.51 -29 54 16.1  4.0 2.1   7.9  8.0   2.9 1.01 0.36 n BL54
182   13 37 07.57 -29 52 18.9  2.1 1.8   9.4  8.3   5.9 0.88 0.62 n BL55;D10-23
183   13 37 07.69 -29 51 09.9  2.2 1.1  41.8 16.5   4.3 0.39 0.10 n D10-21
184   13 37 07.71 -29 53 01.2  2.7 1.4  18.1  9.9   4.7 0.54 0.26 n
185   13 37 07.81 -29 54 12.8  4.0 4.0  42.7 23.6   2.5 0.55 0.06 n BL56
186   13 37 07.93 -29 49 20.0  4.0 2.0  18.7 16.0   6.6 0.86 0.35 y BL57;L330
187   13 37 07.99 -29 51 16.2  2.3 1.7  95.8 31.2   5.0 0.33 0.05 n
188   13 37 08.09 -29 52 21.1  2.3 2.5   5.7  6.4   2.3 1.13 0.41 n D10-25
189   13 37 08.21 -29 53 20.5  3.1 2.5  15.6  7.2   0.9 0.46 0.06 n
190   13 37 08.48 -29 52 02.0  2.3 2.3 114.6 61.3   9.8 0.53 0.09 y D10-27;L338
191   13 37 08.57 -29 51 35.0  2.3 1.4  19.4 16.4   8.2 0.84 0.42 y BL58;SW109;D10-28;L339
192   13 37 08.66 -29 51 53.5  2.3 1.8  26.3 17.2   2.2 0.65 0.08 n D10-30
193   13 37 08.75 -29 51 37.5  2.4 1.9  28.2 17.2   6.3 0.61 0.22 y BL59;D10-32;L342
194   13 37 09.04 -29 51 33.3  2.5 1.2   9.4  6.2   0.9 0.66 0.10 n D10-33
195   13 37 09.22 -29 51 33.6  2.5 1.7  12.7  9.2   3.1 0.72 0.24 y D10-34;L348
196   13 37 09.69 -29 53 30.3  3.6 2.7   4.3  4.0   2.9 0.92 0.67 n
197   13 37 10.07 -29 51 28.0  2.8 1.2  56.3 36.5   9.1 0.65 0.16 y D10-36;L350
198   13 37 10.19 -29 50 18.1  3.5 2.1   9.8  5.2   0.4 0.53 0.04 n
199   13 37 10.33 -29 51 28.8  2.9 1.6  65.9 25.7  16.5 0.39 0.25 n D10-37
200   13 37 10.74 -29 49 57.2  3.9 1.9  23.4  9.9   1.7 0.42 0.07 n
201   13 37 10.78 -29 51 44.8  3.0 2.6  17.9 10.8  12.4 0.61 0.70 n BL60;D10-39
202   13 37 10.94 -29 49 52.9  4.0 1.6  42.0 17.2   3.4 0.41 0.08 n
203   13 37 10.96 -29 50 46.4  3.3 1.6  17.6 11.4   7.9 0.65 0.45 y L353
204   13 37 11.09 -29 53 17.2  3.8 2.7   4.7  4.1   7.2 0.88 1.53 n
205   13 37 11.34 -29 54 19.7  4.8 3.8  50.4 23.1   4.4 0.46 0.09 n
206   13 37 11.47 -29 51 41.3  3.2 1.4  18.1 14.0  10.4 0.77 0.57 y BL61;L356
207   13 37 11.48 -29 50 13.4  3.8 1.6   8.7  6.1   6.0 0.71 0.69 y L355
208   13 37 11.68 -29 51 39.4  3.3 3.8  21.0 10.0   5.5 0.48 0.26 n BL62
209   13 37 11.87 -29 52 15.6  3.4 1.4  24.7 17.0  20.6 0.69 0.83 y BL63;SW110;L358
210   13 37 12.46 -29 50 20.3  4.0 1.4  56.4 27.8   3.5 0.49 0.06 y L364
211   13 37 12.81 -29 50 12.2  4.2 2.6  18.3  7.8   9.9 0.43 0.54 y SW115;L368
212   13 37 12.85 -29 54 38.9  5.5 2.7   7.9  5.4   1.2 0.68 0.15 n
213   13 37 13.09 -29 51 18.4  3.7 2.8  10.6  8.3   3.1 0.79 0.29 n BL64
214   13 37 14.01 -29 52 54.1  4.3 2.8  30.8 22.3   7.6 0.72 0.25 n
215   13 37 13.97 -29 51 51.1  4.0 2.4   9.4  6.1   9.5 0.65 1.02 n BL66
216   13 37 14.35 -29 50 06.4  4.6 1.9   7.7  5.4   0.7 0.70 0.09 n
217   13 37 14.42 -29 50 21.3  4.5 2.5  13.2  7.5   2.6 0.57 0.20 n BL67
218   13 37 14.66 -29 50 33.7  4.4 2.2  41.4 18.0   3.4 0.44 0.08 n
219   13 37 14.84 -29 54 58.6  6.3 1.9  28.4 22.1  11.5 0.78 0.40 n BL68
220   13 37 16.03 -29 53 04.0  5.0 2.0  10.2  4.4   6.4 0.43 0.63 n
221   13 37 17.21 -29 51 53.4  5.0 1.4  41.9 25.0  22.0 0.60 0.52 y SW122;L389
222   13 37 17.26 -29 53 25.0  5.6 2.2  19.8 14.8  11.5 0.74 0.58 n BL69
223   13 37 17.42 -29 51 54.0  5.0 1.4  45.8 29.3   6.9 0.64 0.15 y SW123;L391
224   13 37 17.49 -29 53 35.8  5.7 2.3   4.9  5.4   1.3 1.10 0.27 n BL70
225   13 37 18.74 -29 53 50.6  6.3 2.4   6.2  5.0   8.3 0.81 1.34 n BL71
